
This is FORCESNLPsolver, an interior point solver for nonlinear programming generated by FORCES PRO v1.7.0.
Problem size: 623 variables, 414 equality and 1386 constraints in 70 stage(s)
(c) embotech AG, Zurich, Switzerland, 2013-2019. All rights reserved. Email: info@embotech.com

  It.   objective   res_stat   res_eq   res_ineq   rsnorm   rcompnorm     barrier    step_p  step_d  lsit  dw       dc     skips
  ------------------------------------------------------------------------------------------------------------------------------
    0  +2.2378e+006  1.98e+004  1.80e+001  2.04e+000  1.98e+004  9.96e+002    1.0e-001 (A)  0.0000  0.0000   1  1.6e-005  1.6e-005    0
    1  +2.2298e+006  1.99e+004  1.80e+001  2.04e+000  1.99e+004  9.96e+002    5.8e+001 (A)  0.0002  0.0001   1  1.0e-003  1.0e-003    0
    2  +2.2272e+006  1.99e+004  1.80e+001  2.04e+000  1.99e+004  9.95e+002    5.8e+001 (A)  0.0002  0.0009   1  8.0e-004  8.0e-004    0
    3  +2.2063e+006  1.97e+004  1.79e+001  2.03e+000  1.97e+004  9.94e+002    5.8e+001 (A)  0.0020  0.0011   1  7.0e-004  7.0e-004    0
    4  +2.1703e+006  2.00e+004  1.78e+001  2.02e+000  2.00e+004  9.92e+002    5.8e+001 (A)  0.0069  0.0023   1  6.3e-004  6.3e-004    0
    5  +2.1217e+006  1.95e+004  1.76e+001  1.99e+000  1.95e+004  9.90e+002    5.8e+001 (A)  0.0075  0.0014   1  5.8e-004  5.8e-004    0
    6  +2.0744e+006  1.94e+004  1.75e+001  1.98e+000  1.94e+004  9.87e+002    5.8e+001 (A)  0.0054  0.0032   1  5.5e-004  5.5e-004    0
    7  +2.0097e+006  1.93e+004  1.74e+001  2.09e+000  1.93e+004  9.84e+002    5.8e+001 (A)  0.0049  0.0039   1  5.2e-004  5.2e-004    0
    8  +1.9516e+006  1.93e+004  1.73e+001  4.06e+000  1.93e+004  9.82e+002    5.7e+001 (A)  0.0058  0.0020   1  4.9e-004  4.9e-004    4
    9  +1.9424e+006  1.92e+004  1.73e+001  4.06e+000  1.92e+004  9.80e+002    5.7e+001 (A)  0.0009  0.0017   1  4.7e-004  4.7e-004   34
   10  +1.8507e+006  1.98e+004  1.71e+001  1.16e+001  1.98e+004  9.77e+002    5.7e+001 (A)  0.0086  0.0030   1  4.5e-004  4.5e-004   26
   11  +1.7970e+006  1.95e+004  1.69e+001  1.16e+001  1.95e+004  9.73e+002    5.7e+001 (A)  0.0066  0.0041   1  4.4e-004  4.4e-004    1
   12  +1.7647e+006  1.93e+004  1.68e+001  1.17e+001  1.93e+004  9.67e+002    5.7e+001 (A)  0.0065  0.0060   1  4.2e-004  4.2e-004    1
   13  +1.7169e+006  1.95e+004  1.66e+001  1.16e+001  1.95e+004  9.59e+002    5.7e+001 (A)  0.0100  0.0089   1  4.1e-004  4.1e-004    5
   14  +1.6992e+006  1.94e+004  1.66e+001  1.15e+001  1.94e+004  9.50e+002    5.6e+001 (A)  0.0038  0.0099   1  3.9e-004  3.9e-004    5
   15  +1.6513e+006  1.94e+004  1.65e+001  1.15e+001  1.94e+004  9.47e+002    5.6e+001 (A)  0.0073  0.0032   1  3.8e-004  3.8e-004    3
   16  +1.5889e+006  1.92e+004  1.62e+001  1.14e+001  1.92e+004  9.40e+002    5.6e+001 (A)  0.0148  0.0087   1  3.7e-004  3.7e-004    3
   17  +1.5319e+006  1.90e+004  1.60e+001  1.26e+001  1.90e+004  9.34e+002    5.6e+001 (A)  0.0139  0.0067   1  3.6e-004  3.6e-004    0
   18  +1.4642e+006  1.89e+004  1.57e+001  1.44e+001  1.89e+004  9.33e+002    5.6e+001 (A)  0.0178  0.0012   1  3.5e-004  3.5e-004    0
   19  +1.4225e+006  1.89e+004  1.55e+001  1.44e+001  1.89e+004  9.26e+002    5.6e+001 (A)  0.0110  0.0076   1  3.4e-004  3.4e-004    0
   20  +1.4168e+006  1.89e+004  1.55e+001  1.44e+001  1.89e+004  9.09e+002    5.6e+001 (A)  0.0016  0.0197   1  3.3e-004  3.3e-004    1
   21  +1.3583e+006  1.86e+004  1.53e+001  1.42e+001  1.86e+004  8.83e+002    5.6e+001 (A)  0.0183  0.0307   1  3.3e-004  3.3e-004    0
   22  +1.2013e+006  1.79e+004  1.44e+001  2.51e+001  1.79e+004  8.59e+002    5.5e+001 (A)  0.0548  0.0289   1  3.2e-004  3.2e-004    0
   23  +1.0794e+006  1.69e+004  1.36e+001  2.72e+001  1.69e+004  8.46e+002    5.5e+001 (A)  0.0549  0.0164   1  3.0e-004  3.0e-004    1
   24  +8.3844e+005  1.56e+004  1.18e+001  3.23e+001  1.56e+004  7.98e+002    5.5e+001 (A)  0.1325  0.0601   1  2.8e-004  2.8e-004    2
   25  +7.4579e+005  1.49e+004  1.12e+001  3.29e+001  1.49e+004  7.46e+002    5.4e+001 (A)  0.0562  0.0699   1  2.5e-004  2.5e-004    0
   26  +6.3986e+005  1.75e+004  1.09e+001  3.54e+001  1.75e+004  6.80e+002    5.4e+001 (A)  0.0721  0.0958   1  2.3e-004  2.3e-004    2
   27  +5.5211e+005  2.44e+004  1.00e+001  3.63e+001  2.44e+004  6.31e+002    5.2e+001 (A)  0.0743  0.0804   1  2.2e-004  2.2e-004    4
   28  +5.1941e+005  2.52e+004  9.59e+000  3.56e+001  2.52e+004  6.00e+002    5.1e+001 (A)  0.0326  0.1879   1  2.1e-004  2.1e-004    1
   29  +4.6027e+005  2.59e+004  8.66e+000  3.61e+001  2.59e+004  5.64e+002    5.0e+001 (A)  0.0729  0.0049   1  2.0e-004  2.0e-004    1
   30  +4.3536e+005  2.49e+004  8.39e+000  3.53e+001  2.49e+004  5.47e+002    5.0e+001 (A)  0.0331  0.0205   1  1.8e-004  1.8e-004    0
   31  +3.6638e+005  2.13e+004  7.65e+000  3.64e+001  2.13e+004  4.87e+002    4.9e+001 (A)  0.1267  0.1086   1  1.7e-004  1.7e-004    0
   32  +3.3647e+005  2.00e+004  7.49e+000  3.52e+001  2.00e+004  4.63e+002    4.8e+001 (A)  0.0534  0.0682   1  1.6e-004  1.6e-004    0
   33  +3.1367e+005  1.90e+004  7.35e+000  3.40e+001  1.90e+004  4.47e+002    4.7e+001 (A)  0.0449  0.0043   1  1.6e-004  1.6e-004    0
   34  +2.0013e+005  1.64e+004  5.66e+000  3.55e+001  1.64e+004  4.25e+002    4.7e+001 (A)  0.2178  0.0117   1  1.5e-004  1.5e-004    2
   35  +1.3005e+005  1.49e+004  3.94e+000  3.17e+001  1.49e+004  4.15e+002    4.7e+001 (A)  0.2330  0.0237   1  1.2e-004  1.2e-004    2
   36  +1.1983e+005  1.49e+004  3.73e+000  3.02e+001  1.49e+004  4.03e+002    4.6e+001 (A)  0.0537  0.0324   1  9.1e-005  9.1e-005    0
   37  +1.0401e+005  1.47e+004  3.40e+000  2.78e+001  1.47e+004  3.65e+002    4.6e+001 (A)  0.0899  0.1076   1  8.6e-005  8.6e-005    1
   38  +7.0729e+004  1.41e+004  2.50e+000  2.26e+001  1.41e+004  3.64e+002    4.5e+001 (A)  0.2646  0.0019   1  7.9e-005  7.9e-005    2
   39  +4.3889e+004  1.36e+004  1.40e+000  1.55e+001  1.36e+004  3.46e+002    4.5e+001 (A)  0.4422  0.0597   1  6.1e-005  6.1e-005    0
   40  +4.2542e+004  1.35e+004  1.37e+000  1.52e+001  1.35e+004  2.57e+002    4.4e+001 (A)  0.0196  0.2979   1  3.8e-005  3.8e-005    1
   41  +2.6302e+004  1.14e+004  4.92e-001  9.07e+000  1.14e+004  2.47e+002    4.1e+001 (A)  0.6434  0.0444   1  3.7e-005  3.7e-005    0
   42  +2.3427e+004  1.04e+004  3.21e-001  6.62e+000  1.04e+004  2.23e+002    4.1e+001 (A)  0.3480  0.1180   1  1.6e-005  1.6e-005    0
   43  +2.1965e+004  9.83e+003  4.05e-002  1.20e+001  9.83e+003  5.74e+002    4.0e+001 (A)  1.0000  0.7137   1  1.1e-005  1.1e-005    0
   44  +1.5089e+004  5.62e+003  4.06e-003  1.05e+001  5.62e+003  2.13e+002    3.4e+001 (A)  1.0000  0.7547   1  2.2e-006  2.2e-006    0
   45  +1.0104e+004  4.65e+003  5.97e-004  3.75e+001  4.65e+003  1.96e+002    2.9e+001 (A)  1.0000  0.6853   1  3.4e-007  3.4e-007    0
   46  +7.2128e+003  4.59e+003  1.16e-004  5.50e+000  4.59e+003  2.25e+001    2.3e-001 (A)  1.0000  0.6302   1  7.5e-008  7.5e-008    0
   47  +4.5750e+003  2.52e+003  1.45e-005  2.43e+001  2.52e+003  2.46e+001    9.0e+000 (A)  1.0000  0.2534   1  2.1e-008  2.1e-008    0
   48  +3.3450e+003  1.46e+003  3.48e-006  5.99e+000  1.46e+003  1.70e+001    2.2e+000 (A)  1.0000  0.3725   1  4.7e-009  4.7e-009    0
   49  +2.3890e+003  1.30e+003  1.00e-006  9.25e+000  1.30e+003  1.33e+001    1.4e+000 (A)  1.0000  0.2987   1  2.2e-009  2.2e-009    0
   50  +1.8282e+003  1.00e+003  5.65e-007  7.19e+000  1.00e+003  4.89e+000    7.5e-001 (A)  1.0000  0.6348   1  1.4e-009  1.4e-009    0
   51  +1.4080e+003  8.26e+002  2.93e-007  1.52e+001  8.26e+002  2.54e+000    8.2e-001 (A)  1.0000  0.5755   1  1.3e-009  1.3e-009    0
   52  +1.0652e+003  1.01e+003  2.07e-007  3.44e+001  1.01e+003  2.73e+000    1.3e+000 (A)  1.0000  1.0000   1  1.2e-009  1.2e-009    0
   53  +8.5670e+002  5.98e+002  1.42e-007  1.74e+001  5.98e+002  4.99e-001    2.4e-007 (A)  1.0000  0.6294   1  1.1e-009  1.1e-009    0
   54  +7.5358e+002  4.04e+002  1.05e-007  5.93e+000  4.04e+002  4.40e-001    3.7e-001 (A)  1.0000  1.0000   1  1.1e-009  1.1e-009    0
   55  +6.9231e+002  3.57e+002  9.87e-008  4.05e+000  3.57e+002  1.29e-001    2.9e-007 (A)  1.0000  0.7230   1  1.1e-009  1.1e-009    0
   56  +6.3984e+002  4.39e+002  1.19e-007  7.12e+000  4.39e+002  1.15e-001    8.1e-002 (A)  1.0000  1.0000   1  1.1e-009  1.1e-009    0
   57  +5.9070e+002  4.53e+002  5.19e-008  1.01e+001  4.53e+002  2.71e-002    2.0e-007 (A)  1.0000  0.7561   1  1.1e-009  1.1e-009    0
   58  +5.2664e+002  4.03e+002  6.64e-008  1.91e+001  4.03e+002  2.02e-002    1.6e-002 (A)  1.0000  1.0000   1  1.0e-009  1.0e-009    0
   59  +4.6656e+002  4.66e+002  4.73e-008  2.32e+001  4.66e+002  8.82e-003    2.0e-007 (A)  1.0000  0.5445   1  1.0e-009  1.0e-009    0
   60  +3.9779e+002  6.10e+002  6.45e-008  3.43e+001  6.10e+002  1.09e-002    5.8e-003 (A)  1.0000  1.0000   1  1.0e-009  1.0e-009    0
   61  +3.1522e+002  7.66e+002  6.07e-008  4.53e+001  7.66e+002  2.32e-003    2.0e-007 (A)  1.0000  0.6245   1  1.0e-009  1.0e-009    0
   62  +2.3815e+002  6.13e+002  5.70e-008  3.28e+001  6.13e+002  3.12e-003    1.7e-003 (A)  1.0000  1.0000   1  1.0e-009  1.0e-009    0
   63  +1.9012e+002  4.34e+002  1.35e-007  1.37e+001  4.34e+002  6.58e-004    2.0e-007 (A)  1.0000  0.6541   1  1.0e-009  1.0e-009    0
   64  +1.5650e+002  2.41e+002  7.75e-008  6.19e+000  2.41e+002  6.31e-004    4.7e-004 (A)  1.0000  1.0000   1  1.1e-009  1.1e-009    1
   65  +1.3591e+002  1.51e+002  3.22e-008  7.63e+000  1.51e+002  1.27e-004    2.0e-007 (A)  1.0000  0.7640   1  1.1e-009  1.1e-009    0
   66  +1.2032e+002  1.68e+002  6.55e-008  9.94e+000  1.68e+002  1.07e-004    8.7e-005 (A)  1.0000  1.0000   1  1.0e-009  1.0e-009    0
   67  +1.1099e+002  1.68e+002  2.50e-008  5.98e+000  1.68e+002  1.91e-005    2.0e-007 (A)  1.0000  0.8338   1  1.0e-009  1.0e-009    0
   68  +1.0539e+002  1.22e+002  2.61e-008  2.94e+000  1.22e+002  1.30e-005    1.2e-005 (A)  1.0000  1.0000   1  1.0e-009  1.0e-009    0
   69  +1.0136e+002  1.02e+002  1.35e-008  1.02e+000  1.02e+002  1.50e-006    2.0e-007 (A)  1.0000  0.9106   1  1.0e-009  1.0e-009    0
   70  +9.8396e+001  1.30e+002  1.44e-008  5.50e-001  1.30e+002  1.05e-006    9.7e-007 (A)  1.0000  1.0000   1  1.0e-009  1.0e-009    0
   71  +9.4078e+001  1.59e+002  1.04e-008  1.12e+000  1.59e+002  2.13e-007    2.0e-007 (A)  1.0000  1.0000   1  1.0e-009  1.0e-009    0
   72  +8.7104e+001  9.58e+001  2.31e-008  3.32e+000  9.58e+001  2.18e-007    2.0e-007 (A)  1.0000  1.0000   1  1.0e-009  1.0e-009    0
   73  +7.8157e+001  1.78e+002  1.86e-008  6.36e+000  1.78e+002  2.00e-007    2.0e-007 (A)  1.0000  1.0000   1  1.0e-009  1.0e-009    1
   74  +6.4897e+001  2.26e+002  3.99e-008  1.63e+001  2.26e+002  2.00e-007    2.0e-007 (A)  1.0000  1.0000   1  1.0e-009  1.0e-009    0
   75  +4.7679e+001  2.35e+002  4.45e-008  2.32e+001  2.35e+002  2.00e-007    2.0e-007 (A)  1.0000  1.0000   1  1.0e-009  1.0e-009    0
   76  +3.3936e+001  1.80e+002  4.04e-008  1.84e+001  1.80e+002  2.00e-007    2.0e-007 (A)  1.0000  1.0000   1  1.0e-009  1.0e-009    0
   77  +2.6520e+001  1.38e+002  1.43e-007  3.22e+000  1.38e+002  2.01e-007    2.0e-007 (A)  1.0000  1.0000   1  1.0e-009  1.0e-009    3
   78  +2.4388e+001  8.84e+001  2.31e-008  2.35e+000  8.84e+001  2.00e-007    2.0e-007 (A)  1.0000  1.0000   1  1.1e-009  1.1e-009    3
   79  +2.3005e+001  8.73e+001  3.22e-008  3.86e-001  8.73e+001  2.00e-007    2.0e-007 (A)  1.0000  1.0000   1  1.0e-009  1.0e-009    0
   80  +2.2368e+001  1.65e+001  2.91e-008  3.25e-002  1.65e+001  2.00e-007    2.0e-007 (A)  1.0000  1.0000   1  1.0e-009  1.0e-009    0
   81  +2.2294e+001  8.37e+000  4.53e-009  1.76e-002  8.37e+000  2.00e-007    2.0e-007 (A)  1.0000  1.0000   1  1.0e-009  1.0e-009    0
   82  +2.2273e+001  7.04e+000  2.40e-009  3.10e-003  7.04e+000  2.00e-007    2.0e-007 (A)  1.0000  1.0000   1  1.0e-009  1.0e-009    0
   83  +2.2269e+001  3.97e+000  1.65e-009  3.87e-004  3.97e+000  2.00e-007    2.0e-007 (A)  1.0000  1.0000   1  1.0e-009  1.0e-009    1
   84  +2.2267e+001  1.88e+000  9.03e-010  6.36e-005  1.88e+000  2.00e-007    2.0e-007 (A)  1.0000  1.0000   1  1.0e-009  1.0e-009    0
   85  +2.2267e+001  9.89e-001  2.23e-010  1.34e-005  9.89e-001  2.00e-007    2.0e-007 (A)  1.0000  1.0000   1  1.0e-009  1.0e-009    2
   86  +2.2267e+001  2.48e-001  5.01e-011  6.74e-006  2.48e-001  2.00e-007    2.0e-007 (A)  1.0000  1.0000   1  1.0e-009  1.0e-009    0
   87  +2.2267e+001  8.53e-002  2.45e-011  3.86e-007  8.53e-002  2.00e-007    2.0e-007 (A)  1.0000  1.0000   1  1.0e-009  1.0e-009    1
   88  +2.2267e+001  4.02e-002  1.18e-011  1.01e-008  4.02e-002  2.00e-007    2.0e-007 (A)  1.0000  1.0000   1  1.0e-009  1.0e-009    0
   89  +2.2267e+001  1.12e-002  7.95e-012  5.91e-009  1.12e-002  2.00e-007    2.0e-007 (A)  1.0000  1.0000   1  1.0e-009  1.0e-009    0
   90  +2.2267e+001  7.00e-003  1.69e-012  1.16e-009  7.00e-003  2.00e-007    2.0e-007 (A)  1.0000  1.0000   1  1.0e-009  1.0e-009    2
   91  +2.2267e+001  2.71e-003  1.32e-012  2.25e-010  2.71e-003  2.00e-007    2.0e-007 (A)  1.0000  1.0000   1  1.0e-009  1.0e-009    0
   92  +2.2267e+001  8.44e-004  6.24e-013  2.06e-010  8.44e-004  2.00e-007    2.0e-007 (A)  1.0000  1.0000   1  1.0e-009  1.0e-009    0
   93  +2.2267e+001  1.67e-004  1.38e-013  4.41e-011  1.67e-004  2.00e-007    2.0e-007 (A)  1.0000  1.0000   1  1.0e-009  1.0e-009    0
   94  +2.2267e+001  8.05e-005  6.31e-014  3.75e-012  8.05e-005  2.00e-007    2.0e-007 (A)  1.0000  1.0000   1  1.0e-009  1.0e-009    1
   95  +2.2267e+001  4.65e-005  1.78e-014  2.27e-013  4.65e-005  2.00e-007    2.0e-007 (A)  1.0000  1.0000   1  1.0e-009  1.0e-009    0
   96  +2.2267e+001  2.27e-005  1.05e-014  5.68e-014  2.27e-005  2.00e-007    2.0e-007 (A)  1.0000  1.0000   1  1.0e-009  1.0e-009    0
   97  +2.2267e+001  9.24e-006  4.44e-015  5.68e-014  9.24e-006  2.00e-007    2.0e-007 (A)  1.0000  1.0000   1  1.0e-009  1.0e-009    0

OPTIMAL (within EQTOL=1.0e-006, INEQTOL=1.0e-006, STATTOL=1.0e-005, COMPTOL=1.0e-006).
Solve time: 111.964 ms (97 iterations)

